7 0.35064934999999997 0.403669725 0.4199134203125 0.44954128437499996 0.4891774890625 0.39908256875000003 0.424242425 0.357798165625 0.4112554109375 0.357798165625 0.35064934999999997 0.403669725
7 0.5887445890625 0.454128440625 0.5887445890625 0.5366972484375 0.653679653125 0.48623853281249996 0.653679653125 0.40825688125 0.6493506499999999 0.4128440359375 0.5887445890625 0.454128440625
7 0.51948051875 0.403669725 0.5887445890625 0.44954128437499996 0.653679653125 0.403669725 0.59307359375 0.357798165625 0.575757575 0.357798165625 0.51948051875 0.403669725
7 0.575757575 0.5412844031249999 0.575757575 0.454128440625 0.50649350625 0.40825688125 0.49783549843749997 0.40825688125 0.428571428125 0.458715596875 0.428571428125 0.559633028125 0.4458874453125 0.555045871875 0.44155844218749996 0.5733944953125001 0.45887445937500004 0.5733944953125001 0.49783549843749997 0.6146788984375 0.48484848437499994 0.6284403671875001 0.49783549843749997 0.6330275234375 0.50649350625 0.6697247703125 0.4891774890625 0.6743119265625 0.50649350625 0.69266055 0.51948051875 0.68807339375 0.51948051875 0.6192660546875 0.5281385281250001 0.6330275234375 0.5367965375 0.6146788984375 0.54978355 0.6192660546875 0.5541125546875 0.5779816515625 0.575757575 0.6284403671875001 0.5627705625 0.5688073390625 0.575757575 0.5412844031249999
7 0.6666666671875 0.49541284374999994 0.6709956703125 0.559633028125 0.7316017312499999 0.5229357796875 0.7316017312499999 0.44954128437499996 0.7229437234375 0.44954128437499996 0.6666666671875 0.49541284374999994
7 0.5887445890625 0.545871559375 0.5887445890625 0.6192660546875 0.653679653125 0.5733944953125001 0.653679653125 0.5045871562500001 0.6450216453125 0.5045871562500001 0.5887445890625 0.545871559375
7 0.6666666671875 0.39449541250000003 0.6709956703125 0.4678899078125 0.7316017312499999 0.43577981718750003 0.7316017312499999 0.348623853125 0.7272727265625 0.353211009375 0.6666666671875 0.39449541250000003
7 0.4329004328125 0.348623853125 0.49350649375 0.39449541250000003 0.5670995671875 0.353211009375 0.5021645015625 0.30275229375 0.49783549843749997 0.30275229375 0.4329004328125 0.348623853125
7 0.5108225109375 0.29357798125 0.5887445890625 0.339449540625 0.653679653125 0.29357798125 0.5800865796875 0.24770642187499997 0.575757575 0.24770642187499997 0.5108225109375 0.29357798125
7 0.5021645015625 0.288990825 0.575757575 0.24770642187499997 0.5541125546875 0.22477064218749998 0.49783549843749997 0.20642201875000002 0.4891774890625 0.2155963296875 0.4372294375 0.24770642187499997 0.5021645015625 0.288990825
7 0.35930735937499997 0.29357798125 0.415584415625 0.339449540625 0.4891774890625 0.30275229375 0.4329004328125 0.25688073437500003 0.4199134203125 0.25688073437500003 0.35930735937499997 0.29357798125
7 0.27272727343750003 0.344036696875 0.33766233749999996 0.39449541250000003 0.40692640625000004 0.353211009375 0.346320346875 0.30275229375 0.3419913421875 0.30275229375 0.27272727343750003 0.344036696875
7 0.4329004328125 0.7201834859375 0.5021645015625 0.7660550453125 0.49783549843749997 0.69266055 0.4329004328125 0.646788990625 0.428571428125 0.646788990625 0.4329004328125 0.7201834859375
7 0.428571428125 0.6330275234375 0.49783549843749997 0.6788990828125 0.5021645015625 0.6055045875 0.4329004328125 0.559633028125 0.428571428125 0.559633028125 0.428571428125 0.6330275234375
7 0.35930735937499997 0.6651376140624999 0.4199134203125 0.7110091749999999 0.4199134203125 0.6376146781250001 0.35930735937499997 0.59174311875 0.3549783546875 0.59174311875 0.35930735937499997 0.6651376140624999
7 0.35064934999999997 0.5779816515625 0.415584415625 0.6238532109375 0.415584415625 0.545871559375 0.3549783546875 0.5045871562500001 0.35064934999999997 0.5045871562500001 0.35064934999999997 0.5779816515625
7 0.35064934999999997 0.49541284374999994 0.415584415625 0.5321100921874999 0.415584415625 0.454128440625 0.35064934999999997 0.40825688125 0.346320346875 0.40825688125 0.35064934999999997 0.49541284374999994
7 0.28571428593750003 0.6192660546875 0.3419913421875 0.660550459375 0.346320346875 0.59174311875 0.290043290625 0.5412844031249999 0.28138528125 0.5412844031249999 0.28571428593750003 0.6192660546875
7 0.2770562765625 0.5275229359375 0.33766233749999996 0.559633028125 0.33766233749999996 0.49541284374999994 0.28138528125 0.44954128437499996 0.2770562765625 0.44954128437499996 0.2770562765625 0.5275229359375
7 0.27272727343750003 0.444954128125 0.3290043296875 0.4816513765625 0.33766233749999996 0.40825688125 0.27272727343750003 0.357798165625 0.26839826875 0.357798165625 0.27272727343750003 0.444954128125