7 0.6493506499999999 0.596330275 0.5800865796875 0.550458715625 0.5108225109375 0.60091743125 0.575757575 0.642201834375 0.5887445890625 0.642201834375 0.6493506499999999 0.596330275
7 0.4112554109375 0.545871559375 0.4112554109375 0.4633027515625 0.346320346875 0.5137614671875 0.346320346875 0.59174311875 0.35064934999999997 0.5871559640624999 0.4112554109375 0.545871559375
7 0.48051948125 0.596330275 0.4112554109375 0.550458715625 0.346320346875 0.596330275 0.40692640625000004 0.642201834375 0.424242425 0.642201834375 0.48051948125 0.596330275
7 0.424242425 0.458715596875 0.424242425 0.545871559375 0.49350649375 0.59174311875 0.5021645015625 0.59174311875 0.5714285718750001 0.5412844031249999 0.5714285718750001 0.44036697187499996 0.5541125546875 0.444954128125 0.5584415578125 0.42660550468749997 0.541125540625 0.42660550468749997 0.5021645015625 0.3853211015625 0.5151515156250001 0.37155963281250004 0.5021645015625 0.3669724765625 0.49350649375 0.3302752296875 0.5108225109375 0.3256880734375 0.49350649375 0.30733945 0.48051948125 0.31192660625 0.48051948125 0.3807339453125 0.47186147187499994 0.3669724765625 0.4632034625 0.3853211015625 0.45021645 0.3807339453125 0.4458874453125 0.4220183484375 0.424242425 0.37155963281250004 0.4372294375 0.43119266093749997 0.424242425 0.458715596875
7 0.3333333328125 0.5045871562500001 0.3290043296875 0.44036697187499996 0.26839826875 0.4770642203125 0.26839826875 0.550458715625 0.2770562765625 0.550458715625 0.3333333328125 0.5045871562500001
7 0.4112554109375 0.454128440625 0.4112554109375 0.3807339453125 0.346320346875 0.42660550468749997 0.346320346875 0.49541284374999994 0.3549783546875 0.49541284374999994 0.4112554109375 0.454128440625
7 0.3333333328125 0.6055045875 0.3290043296875 0.5321100921874999 0.26839826875 0.5642201828125 0.26839826875 0.651376146875 0.27272727343750003 0.646788990625 0.3333333328125 0.6055045875
7 0.5670995671875 0.651376146875 0.50649350625 0.6055045875 0.4329004328125 0.646788990625 0.49783549843749997 0.69724770625 0.5021645015625 0.69724770625 0.5670995671875 0.651376146875
7 0.4891774890625 0.70642201875 0.4112554109375 0.660550459375 0.346320346875 0.70642201875 0.4199134203125 0.752293578125 0.424242425 0.752293578125 0.4891774890625 0.70642201875
7 0.49783549843749997 0.7110091749999999 0.424242425 0.752293578125 0.4458874453125 0.7752293578125 0.5021645015625 0.79357798125 0.5108225109375 0.7844036703125 0.5627705625 0.752293578125 0.49783549843749997 0.7110091749999999
7 0.640692640625 0.70642201875 0.5844155843750001 0.660550459375 0.5108225109375 0.69724770625 0.5670995671875 0.7431192656250001 0.5800865796875 0.7431192656250001 0.640692640625 0.70642201875
7 0.7272727265625 0.655963303125 0.6623376624999999 0.6055045875 0.59307359375 0.646788990625 0.653679653125 0.69724770625 0.6580086578125 0.69724770625 0.7272727265625 0.655963303125
7 0.5670995671875 0.2798165140625 0.49783549843749997 0.2339449546875 0.5021645015625 0.30733945 0.5670995671875 0.353211009375 0.5714285718750001 0.353211009375 0.5670995671875 0.2798165140625
7 0.5714285718750001 0.3669724765625 0.5021645015625 0.3211009171875 0.49783549843749997 0.39449541250000003 0.5670995671875 0.44036697187499996 0.5714285718750001 0.44036697187499996 0.5714285718750001 0.3669724765625
7 0.640692640625 0.3348623859375 0.5800865796875 0.288990825 0.5800865796875 0.362385321875 0.640692640625 0.40825688125 0.6450216453125 0.40825688125 0.640692640625 0.3348623859375
7 0.6493506499999999 0.4220183484375 0.5844155843750001 0.3761467890625 0.5844155843750001 0.454128440625 0.6450216453125 0.49541284374999994 0.6493506499999999 0.49541284374999994 0.6493506499999999 0.4220183484375
7 0.6493506499999999 0.5045871562500001 0.5844155843750001 0.4678899078125 0.5844155843750001 0.545871559375 0.6493506499999999 0.59174311875 0.653679653125 0.59174311875 0.6493506499999999 0.5045871562500001
7 0.7142857140625 0.3807339453125 0.6580086578125 0.339449540625 0.653679653125 0.40825688125 0.709956709375 0.458715596875 0.7186147187499999 0.458715596875 0.7142857140625 0.3807339453125
7 0.7229437234375 0.47247706406249995 0.6623376624999999 0.44036697187499996 0.6623376624999999 0.5045871562500001 0.7186147187499999 0.550458715625 0.7229437234375 0.550458715625 0.7229437234375 0.47247706406249995
7 0.7272727265625 0.555045871875 0.6709956703125 0.5183486234375 0.6623376624999999 0.59174311875 0.7272727265625 0.642201834375 0.7316017312499999 0.642201834375 0.7272727265625 0.555045871875