7 0.1866666671875 0.662222221875 0.1911111109375 0.617777778125 0.23555555625000002 0.5822222218750001 0.18222222187499998 0.52 0.1688888890625 0.52 0.11555555625 0.6 0.1288888890625 0.64444444375 0.15555555625 0.662222221875 0.1866666671875 0.662222221875
7 0.2311111109375 0.7066666671874999 0.2666666671875 0.7066666671874999 0.29333333281249996 0.6888888890625 0.29333333281249996 0.6488888890625 0.3111111109375 0.6266666671875 0.2711111109375 0.5866666671874999 0.2311111109375 0.5866666671874999 0.2 0.6044444437500001 0.1911111109375 0.6311111109375 0.2 0.68444444375 0.2311111109375 0.7066666671874999
7 0.3866666671875 0.737777778125 0.41777777812499994 0.7111111109375 0.42222222187499997 0.6533333328125 0.382222221875 0.6133333328125 0.342222221875 0.6133333328125 0.297777778125 0.6488888890625 0.297777778125 0.7022222218749999 0.35111111093749997 0.742222221875 0.3866666671875 0.737777778125
7 0.47555555624999996 0.742222221875 0.52444444375 0.7333333328125 0.5555555562500001 0.6888888890625 0.5466666671875 0.64444444375 0.5066666671875 0.6133333328125 0.47555555624999996 0.6133333328125 0.44888888906249996 0.6266666671875 0.4266666671875 0.662222221875 0.4311111109375 0.7111111109375 0.47555555624999996 0.742222221875
7 0.63555555625 0.7066666671874999 0.6711111109375001 0.68444444375 0.68444444375 0.64 0.67555555625 0.6088888890625 0.6311111109375 0.577777778125 0.6044444437500001 0.577777778125 0.5599999999999999 0.6088888890625 0.5511111109375 0.6488888890625 0.5733333328125 0.6933333328125 0.63555555625 0.7066666671874999
7 0.71555555625 0.6488888890625 0.76 0.64 0.7866666671875 0.6088888890625 0.7866666671875 0.56444444375 0.7466666671875 0.52444444375 0.7244444437500001 0.52444444375 0.6933333328125 0.5288888890625 0.662222221875 0.5733333328125 0.68444444375 0.6311111109375 0.71555555625 0.6488888890625
7 0.79555555625 0.5688888890625 0.8444444437499999 0.5599999999999999 0.8666666671875 0.5288888890625 0.8666666671875 0.4888888890625 0.8311111109375 0.44888888906249996 0.8066666671875 0.44888888906249996 0.7688888890625 0.457777778125 0.742222221875 0.502222221875 0.7466666671875 0.52444444375 0.79555555625 0.5688888890625
7 0.8355555562499999 0.44444444375 0.8711111109375 0.4888888890625 0.9111111109375001 0.44888888906249996 0.9111111109375001 0.40888888906250004 0.8755555562499999 0.3688888890625 0.8488888890625 0.3688888890625 0.8088888890625 0.3866666671875 0.7911111109375 0.4311111109375 0.8 0.44444444375 0.8355555562499999 0.44444444375
7 0.8133333328125 0.3688888890625 0.8755555562499999 0.36 0.91555555625 0.39555555625 0.9288888890625 0.35555555625 0.902222221875 0.3066666671875 0.862222221875 0.3066666671875 0.8444444437499999 0.3333333328125 0.8311111109375 0.32 0.8133333328125 0.342222221875 0.8133333328125 0.3688888890625
7 0.617777778125 0.40444444375 0.6488888890625 0.377777778125 0.6488888890625 0.3288888890625 0.63555555625 0.3111111109375 0.59555555625 0.3111111109375 0.56444444375 0.342222221875 0.5688888890625 0.3911111109375 0.5866666671874999 0.40444444375 0.617777778125 0.40444444375
7 0.6977777781250001 0.382222221875 0.7288888890624999 0.35555555625 0.72 0.28444444375 0.6799999999999999 0.28444444375 0.6488888890625 0.31555555625 0.6533333328125 0.3688888890625 0.6711111109375001 0.382222221875 0.6977777781250001 0.382222221875
7 0.79555555625 0.35111111093749997 0.8088888890625 0.27555555625 0.79555555625 0.257777778125 0.7688888890625 0.257777778125 0.7288888890624999 0.2888888890625 0.7333333328125 0.35111111093749997 0.7511111109375 0.36444444374999996 0.79555555625 0.35111111093749997
7 0.8977777781249999 0.30222222187500003 0.862222221875 0.262222221875 0.8222222218749999 0.262222221875 0.8 0.2888888890625 0.8 0.342222221875 0.8311111109375 0.3111111109375 0.8977777781249999 0.30222222187500003
7 0.5288888890625 0.4311111109375 0.56444444375 0.39555555625 0.5599999999999999 0.35111111093749997 0.5288888890625 0.3333333328125 0.5111111109375 0.3333333328125 0.4711111109375 0.36444444374999996 0.4711111109375 0.40444444375 0.4933333328125 0.4311111109375 0.5288888890625 0.4311111109375
7 0.40888888906250004 0.462222221875 0.44000000000000006 0.457777778125 0.46666666718750005 0.43555555625000003 0.46666666718750005 0.3866666671875 0.43555555625000003 0.36 0.4 0.36 0.37333333281250003 0.382222221875 0.3688888890625 0.40888888906250004 0.377777778125 0.44444444375 0.40888888906250004 0.462222221875
7 0.36444444374999996 0.462222221875 0.37333333281250003 0.42222222187499997 0.36444444374999996 0.4 0.3288888890625 0.377777778125 0.3111111109375 0.377777778125 0.27555555625 0.40444444375 0.28444444375 0.462222221875 0.3333333328125 0.48 0.36444444374999996 0.462222221875
7 0.257777778125 0.4933333328125 0.27999999999999997 0.46666666718750005 0.27999999999999997 0.42222222187499997 0.2488888890625 0.4 0.20888888906249997 0.4 0.1866666671875 0.4266666671875 0.20888888906249997 0.44888888906249996 0.21777777812500002 0.497777778125 0.257777778125 0.4933333328125
7 0.1654750625 0.5270202 0.19486268906249998 0.5306581421875001 0.17754103593749998 0.5134232937500001 0.1311000625 0.5027225375000001 0.1103851015625 0.511624053125 0.07945075625 0.5363162890625001 0.079000946875 0.5669113015625 0.092345328125 0.5919428671875 0.11681660468749999 0.60732323125 0.1654750625 0.5270202
7 0.153993053125 0.5046401515625 0.185542928125 0.512949809375 0.139898990625 0.4662089640625 0.098090275 0.46628787968749996 0.073050821875 0.49999210625 0.08189709843750001 0.5367660984375 0.1177083328125 0.50505050625 0.153993053125 0.5046401515625
7 0.20444444375 0.48444444375 0.20444444375 0.44444444375 0.16444444375 0.42222222187499997 0.13333333281249998 0.42222222187499997 0.097777778125 0.462222221875 0.142222221875 0.46666666718750005 0.1866666671875 0.5111111109375 0.20444444375 0.48444444375