7 0.8444444437499999 0.662222221875 0.8711111109375 0.64444444375 0.88444444375 0.6 0.8311111109375 0.52 0.8177777781250001 0.52 0.76444444375 0.5822222218750001 0.8088888890625 0.617777778125 0.8133333328125 0.662222221875 0.8444444437499999 0.662222221875
7 0.8 0.68444444375 0.8088888890625 0.6311111109375 0.8 0.6044444437500001 0.7688888890625 0.5866666671874999 0.7288888890624999 0.5866666671874999 0.6888888890625 0.6266666671875 0.7066666671874999 0.6488888890625 0.7066666671874999 0.6888888890625 0.7333333328125 0.7066666671874999 0.7688888890625 0.7066666671874999 0.8 0.68444444375
7 0.6488888890625 0.742222221875 0.7022222218749999 0.7022222218749999 0.7022222218749999 0.6488888890625 0.657777778125 0.6133333328125 0.617777778125 0.6133333328125 0.577777778125 0.6533333328125 0.5822222218750001 0.7111111109375 0.6133333328125 0.737777778125 0.6488888890625 0.742222221875
7 0.5688888890625 0.7111111109375 0.5733333328125 0.662222221875 0.5511111109375 0.6266666671875 0.52444444375 0.6133333328125 0.4933333328125 0.6133333328125 0.4533333328125 0.64444444375 0.44444444375 0.6888888890625 0.47555555624999996 0.7333333328125 0.52444444375 0.742222221875 0.5688888890625 0.7111111109375
7 0.4266666671875 0.6933333328125 0.44888888906249996 0.6488888890625 0.44000000000000006 0.6088888890625 0.39555555625 0.577777778125 0.3688888890625 0.577777778125 0.32444444375 0.6088888890625 0.31555555625 0.64 0.3288888890625 0.68444444375 0.36444444374999996 0.7066666671874999 0.4266666671875 0.6933333328125
7 0.31555555625 0.6311111109375 0.337777778125 0.5733333328125 0.3066666671875 0.5288888890625 0.27555555625 0.52444444375 0.2533333328125 0.52444444375 0.2133333328125 0.56444444375 0.2133333328125 0.6088888890625 0.24 0.64 0.28444444375 0.6488888890625 0.31555555625 0.6311111109375
7 0.2533333328125 0.52444444375 0.257777778125 0.502222221875 0.2311111109375 0.457777778125 0.1933333328125 0.44888888906249996 0.1688888890625 0.44888888906249996 0.13333333281249998 0.4888888890625 0.13333333281249998 0.5288888890625 0.15555555625 0.5599999999999999 0.20444444375 0.5688888890625 0.2533333328125 0.52444444375
7 0.2 0.44444444375 0.20888888906249997 0.4311111109375 0.1911111109375 0.3866666671875 0.15111111093750001 0.3688888890625 0.12444444375 0.3688888890625 0.0888888890625 0.40888888906250004 0.0888888890625 0.44888888906249996 0.1288888890625 0.4888888890625 0.16444444375 0.44444444375 0.2 0.44444444375
7 0.1866666671875 0.342222221875 0.1688888890625 0.32 0.15555555625 0.3333333328125 0.137777778125 0.3066666671875 0.097777778125 0.3066666671875 0.0711111109375 0.35555555625 0.08444444375 0.39555555625 0.12444444375 0.36 0.1866666671875 0.3688888890625 0.1866666671875 0.342222221875
7 0.41333333281250006 0.40444444375 0.4311111109375 0.3911111109375 0.43555555625000003 0.342222221875 0.40444444375 0.3111111109375 0.36444444374999996 0.3111111109375 0.35111111093749997 0.3288888890625 0.35111111093749997 0.377777778125 0.382222221875 0.40444444375 0.41333333281250006 0.40444444375
7 0.3288888890625 0.382222221875 0.3466666671875 0.3688888890625 0.35111111093749997 0.31555555625 0.32 0.28444444375 0.27999999999999997 0.28444444375 0.2711111109375 0.35555555625 0.30222222187500003 0.382222221875 0.3288888890625 0.382222221875
7 0.2488888890625 0.36444444374999996 0.2666666671875 0.35111111093749997 0.2711111109375 0.2888888890625 0.2311111109375 0.257777778125 0.20444444375 0.257777778125 0.1911111109375 0.27555555625 0.20444444375 0.35111111093749997 0.2488888890625 0.36444444374999996
7 0.1688888890625 0.3111111109375 0.2 0.342222221875 0.2 0.2888888890625 0.177777778125 0.262222221875 0.137777778125 0.262222221875 0.102222221875 0.30222222187500003 0.1688888890625 0.3111111109375
7 0.5066666671875 0.4311111109375 0.5288888890625 0.40444444375 0.5288888890625 0.36444444374999996 0.4888888890625 0.3333333328125 0.4711111109375 0.3333333328125 0.44000000000000006 0.35111111093749997 0.43555555625000003 0.39555555625 0.4711111109375 0.4311111109375 0.5066666671875 0.4311111109375
7 0.622222221875 0.44444444375 0.6311111109375 0.40888888906250004 0.6266666671875 0.382222221875 0.6 0.36 0.56444444375 0.36 0.5333333328125 0.3866666671875 0.5333333328125 0.43555555625000003 0.5599999999999999 0.457777778125 0.5911111109375 0.462222221875 0.622222221875 0.44444444375
7 0.6666666671875 0.48 0.71555555625 0.462222221875 0.7244444437500001 0.40444444375 0.6888888890625 0.377777778125 0.6711111109375001 0.377777778125 0.63555555625 0.4 0.6266666671875 0.42222222187499997 0.63555555625 0.462222221875 0.6666666671875 0.48
7 0.782222221875 0.497777778125 0.7911111109375 0.44888888906249996 0.8133333328125 0.4266666671875 0.7911111109375 0.4 0.7511111109375 0.4 0.72 0.42222222187499997 0.72 0.46666666718750005 0.742222221875 0.4933333328125 0.782222221875 0.497777778125
7 0.8831833953125001 0.60732323125 0.907654671875 0.5919428671875 0.920999053125 0.5669113015625 0.92054924375 0.5363162890625001 0.8896148984375 0.511624053125 0.8688999374999999 0.5027225375000001 0.8224589640625 0.5134232937500001 0.8051373109375 0.5306581421875001 0.8345249375 0.5270202 0.8831833953125001 0.60732323125
7 0.8822916671875 0.50505050625 0.9181029015625001 0.5367660984375 0.926949178125 0.49999210625 0.901909725 0.46628787968749996 0.860101009375 0.4662089640625 0.8144570718749999 0.512949809375 0.846006946875 0.5046401515625 0.8822916671875 0.50505050625
7 0.8133333328125 0.5111111109375 0.8577777781249999 0.46666666718750005 0.902222221875 0.462222221875 0.8666666671875 0.42222222187499997 0.8355555562499999 0.42222222187499997 0.79555555625 0.44444444375 0.79555555625 0.48444444375 0.8133333328125 0.5111111109375